<svg version="1.1" id="Layer_1" xmlns="http://www.w3.org/2000/svg" xmlns:xlink="http://www.w3.org/1999/xlink" x="0px" y="0px"
	 class="signature-svg" viewBox="0 0 5400 3600" enable-background="new 0 0 5400 3600" xml:space="preserve">
<path fill="var(--link)" opacity="1.000000" stroke="none" 
	d="
M4591.586914,773.028015 
	C4602.430176,767.891907 4613.412109,763.025879 4624.074707,757.539001 
	C4633.539062,752.669250 4642.903320,747.502075 4651.813965,741.700928 
	C4656.743652,738.491089 4661.313477,734.216614 4664.888672,729.538025 
	C4673.789551,717.890442 4669.046387,703.356079 4654.959961,699.700195 
	C4647.996094,697.892944 4640.438477,697.371033 4633.225098,697.742065 
	C4618.593750,698.494690 4603.948730,699.749390 4589.425781,701.677979 
	C4517.418945,711.240356 4445.460449,721.169739 4373.460938,730.791504 
	C4350.342285,733.881104 4327.164551,736.545654 4303.985352,739.152893 
	C4296.208496,740.027588 4288.190430,741.592102 4281.565430,737.893311 
	C4276.230469,730.324341 4277.254883,722.788147 4277.429199,715.597046 
	C4277.946289,694.277222 4278.325684,672.929810 4279.777344,651.662720 
	C4281.773438,622.424377 4284.823242,593.259277 4287.144043,564.040710 
	C4287.720215,556.791016 4288.136719,549.304077 4286.942871,542.209290 
	C4285.980957,536.494019 4283.033203,530.516846 4276.009766,529.353516 
	C4268.639160,528.132629 4262.741699,531.203613 4259.202637,537.567200 
	C4256.309082,542.770081 4253.993164,548.389709 4252.139160,554.059387 
	C4243.027344,581.930847 4233.833984,609.782715 4225.281738,637.828308 
	C4215.370605,670.331421 4205.854004,702.961121 4196.696289,735.684021 
	C4193.981934,745.382935 4188.815918,750.705994 4178.756836,751.165833 
	C4176.760742,751.257019 4174.773926,751.530762 4172.779297,751.667053 
	C4128.899902,754.666321 4085.027832,757.783325 4041.135986,760.589172 
	C4023.849854,761.694275 4006.516113,762.034424 3989.210693,762.864990 
	C3983.438721,763.142090 3977.139160,762.017883 3972.010986,768.502502 
	C3973.471924,770.394775 3975.350830,772.185120 3976.452393,774.367798 
	C3981.046875,783.472229 3988.429932,787.858765 3998.408936,789.470947 
	C4005.583008,790.630005 4012.652344,793.016235 4019.488770,795.595886 
	C4067.702881,813.788757 4105.217285,846.019531 4136.867676,885.792664 
	C4137.917969,887.112549 4137.759766,889.393921 4138.438477,892.464722 
	C4132.632812,895.679810 4126.925293,898.892212 4121.171387,902.018982 
	C4078.929199,924.973328 4034.251709,942.608704 3990.425293,962.129211 
	C3894.231934,1004.974304 3798.237305,1048.266357 3702.297852,1091.678223 
	C3689.592285,1097.427368 3677.534912,1104.682495 3665.455566,1111.717651 
	C3655.342041,1117.607666 3647.444336,1125.775146 3645.481445,1137.851440 
	C3644.252686,1145.408447 3639.485840,1149.372314 3633.440186,1152.648926 
	C3624.650391,1157.412842 3615.886719,1162.225098 3607.078369,1166.953613 
	C3494.326416,1227.481079 3381.588623,1288.034668 3268.793701,1348.481079 
	C3248.819824,1359.184937 3228.591797,1369.413330 3208.502686,1379.903198 
	C3202.477783,1383.049316 3196.654053,1385.339966 3189.508789,1382.694824 
	C3175.147461,1377.378418 3160.517822,1372.791870 3146.071777,1367.697876 
	C3141.186279,1365.975220 3135.645508,1364.876221 3133.510010,1359.150879 
	C3133.974365,1357.767090 3134.010742,1356.063232 3134.856689,1355.414185 
	C3138.529053,1352.595825 3142.283447,1349.819458 3146.283936,1347.504395 
	C3176.857910,1329.812378 3206.925049,1311.338379 3235.318115,1290.263062 
	C3248.725098,1280.311279 3261.921143,1270.018066 3271.669189,1256.259277 
	C3275.444092,1250.931274 3278.912109,1244.890625 3280.572021,1238.656128 
	C3284.880371,1222.473877 3274.774414,1209.750244 3257.993896,1208.698486 
	C3248.429932,1208.098999 3239.484375,1210.513672 3230.635742,1213.590088 
	C3177.717773,1231.987793 3133.838379,1263.704224 3097.022949,1305.400635 
	C3090.526123,1312.758545 3084.248535,1321.600586 3081.675293,1330.819824 
	C3078.113770,1343.579224 3070.494141,1349.711060 3058.940430,1353.159424 
	C3055.758057,1354.109375 3052.782227,1355.744385 3049.606201,1356.723755 
	C3003.767578,1370.857544 2957.912598,1384.937256 2912.052246,1399.000488 
	C2910.791260,1399.386963 2909.436523,1399.558105 2908.114258,1399.636230 
	C2904.685547,1399.838867 2901.431152,1399.599487 2899.958008,1394.296753 
	C2901.618896,1391.690552 2903.700684,1388.437256 2905.768555,1385.175049 
	C2909.685547,1378.995728 2914.236572,1373.118164 2917.369141,1366.563110 
	C2923.325684,1354.098389 2921.023926,1343.749512 2911.056641,1334.011963 
	C2908.779053,1331.786621 2906.178955,1329.891235 2902.900635,1327.153442 
	C2905.876221,1323.277466 2907.773193,1319.781494 2910.589111,1317.349243 
	C2916.631836,1312.129639 2923.225830,1307.554688 2929.459473,1302.548218 
	C2986.159668,1257.009644 3041.616211,1210.141602 3088.913086,1154.458862 
	C3101.894043,1139.175903 3114.043457,1123.390381 3123.125732,1105.413452 
	C3127.762695,1096.235962 3129.942871,1086.627686 3128.370850,1076.388550 
	C3126.546631,1064.507446 3119.203125,1056.938721 3107.130615,1056.141968 
	C3099.256104,1055.622192 3091.135498,1056.350708 3083.333008,1057.712158 
	C3063.510986,1061.170410 3044.869629,1068.546753 3026.529053,1076.565918 
	C2968.443115,1101.963257 2912.591309,1131.807129 2857.310791,1162.694214 
	C2778.671631,1206.632324 2703.376465,1255.858643 2630.342285,1308.535400 
	C2568.693604,1353.000122 2507.747070,1398.373047 2452.296875,1450.628906 
	C2448.535400,1454.173706 2444.005371,1456.903076 2439.797607,1460.037720 
	C2425.344971,1451.281128 2412.195312,1454.241455 2399.531494,1461.959839 
	C2384.734619,1470.978516 2370.125488,1480.305664 2355.357178,1489.372314 
	C2347.979492,1493.901611 2340.537842,1498.357666 2332.875488,1502.369629 
	C2331.091553,1503.303589 2328.289795,1502.293091 2323.749023,1502.067383 
	C2326.781738,1497.596802 2328.199707,1494.650391 2330.376465,1492.457397 
	C2336.945557,1485.839478 2343.661865,1479.351196 2350.581787,1473.101318 
	C2404.023926,1424.834595 2459.559082,1379.044678 2515.546875,1333.789185 
	C2525.392090,1325.831177 2535.209717,1317.804321 2544.552734,1309.275757 
	C2548.902100,1305.305542 2552.646729,1300.390137 2555.649658,1295.303589 
	C2559.022461,1289.590942 2557.448975,1283.676758 2553.540039,1278.500122 
	C2549.868652,1273.637573 2544.614746,1272.224365 2539.263672,1274.089600 
	C2533.061279,1276.251587 2526.799561,1278.906616 2521.391113,1282.569458 
	C2497.110840,1299.014771 2473.044678,1315.780640 2449.046875,1332.638428 
	C2383.058350,1378.993530 2317.031494,1425.296143 2251.255127,1471.950928 
	C2226.251709,1489.685425 2201.947266,1508.403198 2177.185547,1526.482910 
	C2172.416504,1529.965210 2167.053467,1532.660767 2161.819336,1535.447144 
	C2161.111084,1535.824219 2159.211670,1534.894287 2158.483154,1534.040649 
	C2157.751221,1533.183105 2157.123535,1531.206177 2157.601562,1530.508179 
	C2161.724609,1524.489014 2166.027588,1518.587036 2170.430420,1512.766479 
	C2180.874268,1498.959717 2191.822021,1485.509155 2201.718750,1471.323730 
	C2206.609375,1464.313599 2210.538574,1456.307495 2213.307373,1448.206787 
	C2219.949951,1428.772461 2207.759277,1414.287720 2187.657471,1417.679199 
	C2179.199463,1419.106201 2170.770020,1421.799927 2162.864014,1425.175049 
	C2145.095459,1432.760498 2127.725830,1441.276245 2110.063965,1449.120361 
	C2101.568115,1452.893677 2092.830322,1456.150391 2084.070801,1459.272827 
	C2082.570068,1459.807861 2079.134766,1458.911499 2078.812012,1457.939575 
	C2078.102539,1455.803467 2077.973389,1452.659424 2079.107422,1450.886475 
	C2081.960693,1446.425659 2085.632568,1442.486084 2088.999756,1438.356934 
	C2098.263916,1426.995850 2107.990967,1415.974731 2116.639160,1404.163086 
	C2121.678955,1397.279541 2126.254639,1389.534912 2128.814453,1381.471558 
	C2133.292236,1367.365479 2123.941650,1355.840454 2109.329346,1356.418579 
	C2103.409424,1356.652710 2097.373291,1357.804688 2091.702881,1359.553589 
	C2083.444824,1362.100342 2075.322021,1365.228149 2067.403809,1368.704956 
	C2049.708008,1376.475220 2032.199097,1384.668945 2014.557251,1392.563354 
	C2010.470703,1394.392090 2006.248047,1397.373291 2001.539429,1393.193604 
	C2000.300781,1387.719360 2004.257080,1384.763672 2007.672729,1381.780518 
	C2025.740112,1366.000977 2043.802734,1350.212891 2062.058105,1334.652100 
	C2113.781738,1290.563110 2165.564453,1246.543457 2217.445801,1202.640259 
	C2221.411621,1199.284058 2226.154785,1196.693481 2230.851562,1194.388794 
	C2238.191650,1190.786743 2241.222168,1184.447998 2242.899902,1177.122925 
	C2243.757080,1173.380737 2240.434082,1168.819092 2236.324707,1168.609253 
	C2233.157471,1168.447388 2229.604248,1168.797852 2226.809570,1170.141479 
	C2223.276367,1171.840088 2220.302734,1174.731323 2217.149658,1177.187622 
	C2168.778320,1214.867676 2120.197021,1252.282837 2072.119873,1290.334595 
	C2030.308350,1323.427002 1989.072021,1357.260742 1950.834473,1394.519775 
	C1941.792603,1403.330078 1933.470215,1412.931396 1925.387085,1422.643433 
	C1922.674805,1425.902466 1921.733032,1430.635132 1920.252441,1434.067261 
	C1926.183105,1440.553223 1931.091797,1445.886597 1935.959106,1451.257324 
	C1938.954102,1454.562012 1942.678345,1455.615967 1946.790161,1454.260498 
	C1951.841675,1452.595459 1956.898682,1450.810425 1961.693481,1448.530640 
	C1973.724976,1442.810791 1985.535889,1436.626221 1997.571167,1430.914795 
	C2016.826050,1421.777344 2036.154907,1412.793091 2055.541504,1403.939087 
	C2059.115234,1402.306885 2063.063232,1401.379517 2066.927246,1400.533081 
	C2070.113281,1399.835083 2073.726807,1404.292358 2072.079834,1407.022461 
	C2068.667725,1412.678101 2064.761230,1418.036255 2061.042725,1423.506104 
	C2055.053467,1432.315796 2048.453613,1440.778076 2043.218750,1450.014404 
	C2037.678955,1459.788940 2039.154297,1464.973389 2047.363037,1472.678345 
	C2049.295654,1474.492432 2052.097412,1475.857178 2053.136230,1478.068848 
	C2059.413818,1491.436157 2070.370850,1490.975586 2082.123047,1488.352051 
	C2086.665283,1487.338013 2091.235352,1486.266113 2095.606689,1484.700562 
	C2112.535400,1478.637207 2129.410645,1472.421509 2146.256348,1466.130127 
	C2150.695801,1464.472046 2154.954346,1462.458374 2160.076660,1467.402588 
	C2158.887451,1470.456665 2158.249756,1474.532715 2156.024170,1477.357788 
	C2149.018799,1486.250488 2141.705566,1494.941406 2134.000000,1503.235107 
	C2082.280273,1558.900757 2030.240112,1614.270752 1978.792847,1670.186401 
	C1969.636353,1680.138184 1959.507690,1685.455688 1946.315308,1687.325073 
	C1900.794067,1693.775635 1855.438599,1701.423340 1809.878540,1707.567017 
	C1714.125122,1720.478882 1618.391968,1733.642090 1522.038940,1741.540405 
	C1467.541504,1746.007690 1412.997437,1749.517822 1358.296997,1747.510620 
	C1327.658081,1746.386108 1297.062012,1744.119629 1267.399292,1735.237427 
	C1255.802612,1731.764893 1244.751465,1727.207764 1235.145020,1719.750122 
	C1222.655518,1710.054443 1216.706421,1697.547363 1218.558228,1681.399658 
	C1220.181030,1667.248047 1224.960449,1654.180054 1230.971191,1641.496338 
	C1242.458252,1617.256226 1257.809692,1595.459229 1274.509155,1574.624268 
	C1315.876099,1523.012817 1362.095825,1476.034668 1410.838013,1431.386841 
	C1490.596313,1358.328491 1574.463013,1290.534058 1664.725464,1230.807617 
	C1725.394653,1190.662842 1787.563599,1153.138062 1854.968384,1125.204590 
	C1873.393433,1117.569214 1892.577637,1111.715210 1911.587646,1105.583618 
	C1915.563721,1104.301025 1920.307007,1105.397095 1924.476685,1105.397095 
	C1926.769653,1114.423706 1913.945068,1116.826050 1917.327637,1125.459839 
	C1918.473145,1126.064331 1919.656494,1127.255371 1920.758301,1127.184204 
	C1934.670532,1126.285156 1946.531738,1120.296997 1956.102783,1110.633301 
	C1969.947388,1096.654663 1964.131226,1076.688721 1944.935791,1072.105103 
	C1937.925415,1070.431030 1930.391113,1070.332397 1923.116943,1070.489502 
	C1894.020630,1071.117432 1866.675049,1079.801514 1839.748413,1089.799561 
	C1797.144043,1105.618896 1756.647217,1125.956909 1717.282715,1148.538696 
	C1616.975708,1206.080688 1523.208496,1273.001221 1434.480469,1347.025757 
	C1369.905396,1400.899780 1308.251221,1457.856812 1253.905518,1522.286621 
	C1231.093750,1549.331177 1209.711426,1577.430908 1193.052612,1608.815674 
	C1183.944214,1625.975342 1176.407471,1643.731567 1173.758423,1663.183105 
	C1170.162476,1689.589233 1177.315918,1711.816162 1198.687622,1728.935425 
	C1204.839355,1733.863403 1210.416016,1739.759766 1215.298950,1745.965576 
	C1223.727539,1756.677734 1233.588745,1765.597656 1246.067749,1770.843384 
	C1258.918945,1776.245850 1272.061768,1781.248413 1285.487549,1784.928223 
	C1311.949341,1792.181519 1339.275391,1795.369629 1366.541382,1795.698486 
	C1409.836060,1796.220825 1453.252930,1796.237427 1496.444824,1793.614868 
	C1578.940430,1788.605957 1661.231689,1780.806030 1743.171265,1769.644409 
	C1784.763306,1763.978882 1826.425781,1758.825439 1868.076172,1753.597900 
	C1874.503662,1752.791260 1881.123047,1750.468140 1888.140015,1754.416504 
	C1887.243530,1761.901001 1880.921143,1765.082642 1876.239014,1769.448608 
	C1831.395630,1811.264771 1785.906616,1852.413818 1741.867798,1895.060547 
	C1698.757812,1936.807983 1658.061768,1980.933105 1621.678467,2028.803101 
	C1615.660278,2036.721313 1610.473022,2045.342529 1605.660400,2054.057617 
	C1604.382202,2056.372070 1604.707642,2061.307861 1606.379150,2063.211426 
	C1613.246460,2071.032471 1620.916870,2078.148438 1628.955688,2086.187500 
	C1633.007568,2084.059326 1637.497314,2082.532959 1640.948120,2079.728516 
	C1650.245239,2072.172607 1659.632446,2064.598633 1668.036987,2056.095459 
	C1704.111206,2019.598022 1740.467773,1983.347778 1775.562744,1945.920898 
	C1835.284424,1882.231079 1894.333740,1817.905640 1953.141602,1753.369873 
	C1962.282349,1743.339111 1972.223755,1737.885132 1985.378174,1735.939819 
	C2027.565308,1729.701294 2069.651367,1722.782349 2111.796631,1716.257202 
	C2215.841309,1700.148071 2319.890137,1684.066162 2423.951416,1668.064453 
	C2481.902832,1659.153198 2539.845947,1650.177002 2597.858887,1641.681641 
	C2657.845459,1632.897339 2717.913086,1624.667603 2777.943359,1616.180542 
	C2821.478760,1610.025391 2864.992676,1603.714233 2908.550781,1597.725098 
	C2936.265381,1593.914673 2964.052246,1590.632812 2991.791260,1586.996460 
	C3047.946289,1579.634888 3104.059326,1571.948364 3160.248779,1564.862915 
	C3204.543945,1559.277344 3248.929199,1554.405396 3293.271240,1549.191528 
	C3363.423828,1540.942749 3433.545410,1532.417847 3503.734619,1524.493164 
	C3559.346680,1518.214233 3615.048584,1512.732178 3670.696533,1506.765137 
	C3736.292236,1499.731445 3801.847900,1492.317871 3867.467041,1485.514160 
	C3925.773926,1479.468506 3984.103760,1473.572144 4042.496094,1468.438354 
	C4120.804688,1461.553467 4199.183594,1455.460815 4277.532715,1449.038818 
	C4315.384277,1445.936157 4353.195801,1442.151611 4391.099609,1439.934692 
	C4447.646484,1436.627319 4504.267090,1434.585693 4560.840332,1431.697876 
	C4587.458496,1430.339233 4614.070801,1428.629883 4640.632812,1426.443359 
	C4708.477539,1420.858154 4775.213379,1407.818237 4842.094238,1395.810303 
	C4843.761230,1395.510864 4845.314453,1394.580322 4846.920410,1393.943970 
	C4839.681641,1391.770874 4832.566406,1391.254639 4825.469238,1391.433838 
	C4785.493652,1392.443359 4745.526367,1393.829346 4705.548340,1394.687256 
	C4654.903809,1395.774170 4604.224121,1395.717529 4553.608887,1397.523193 
	C4475.014648,1400.327148 4396.426270,1403.638062 4317.902832,1407.960815 
	C4254.689941,1411.440674 4191.552734,1416.416992 4128.427734,1421.320679 
	C4070.629150,1425.810425 4012.885254,1431.015747 3955.129639,1436.047607 
	C3906.003662,1440.327637 3856.873779,1444.583374 3807.785156,1449.265381 
	C3759.369873,1453.883179 3711.004639,1459.024414 3662.616943,1463.932739 
	C3602.290283,1470.051880 3541.948975,1476.033936 3481.640137,1482.324585 
	C3429.275879,1487.786743 3376.935059,1493.477539 3324.607666,1499.284546 
	C3266.993652,1505.678589 3209.402832,1512.283203 3151.810547,1518.872803 
	C3127.979980,1521.599365 3104.188965,1524.689209 3080.338623,1527.223145 
	C3075.515137,1527.735718 3069.982422,1529.777832 3064.972168,1524.813843 
	C3067.871582,1519.613037 3072.916992,1517.796997 3077.596680,1515.630005 
	C3104.268066,1503.279541 3129.660156,1488.548096 3153.948975,1472.159180 
	C3168.204834,1462.539917 3181.255615,1450.960083 3193.969238,1439.303223 
	C3200.448486,1433.362915 3206.999023,1428.177368 3214.849365,1424.252197 
	C3263.126221,1400.113037 3311.416992,1375.997070 3359.490234,1351.456665 
	C3422.392822,1319.346313 3485.379150,1287.380737 3547.816650,1254.382080 
	C3622.620117,1214.848022 3697.054932,1174.606567 3771.331299,1134.088135 
	C3847.947021,1092.293701 3924.062012,1049.582520 4000.640137,1007.718689 
	C4029.943848,991.698853 4061.437744,980.590942 4092.915527,969.639648 
	C4094.092285,969.230225 4095.535645,969.587341 4096.626465,969.587341 
	C4102.143066,972.414307 4099.129395,982.352783 4109.908691,982.162659 
	C4110.096680,981.845459 4111.210449,980.202393 4112.090332,978.442261 
	C4121.330078,959.961609 4136.688477,949.315002 4156.083008,943.579712 
	C4161.172363,942.074707 4165.986328,939.645569 4170.937500,937.667786 
	C4177.768066,934.939575 4183.764160,935.587219 4189.087891,941.301208 
	C4210.427246,964.203613 4233.542480,985.664978 4250.183105,1012.474365 
	C4259.048828,1026.757568 4270.318848,1038.755737 4281.803223,1050.687988 
	C4283.396484,1052.343628 4286.491211,1053.426514 4288.814941,1053.306030 
	C4292.421387,1053.119141 4295.050293,1050.343018 4295.056641,1046.689819 
	C4295.068848,1039.406494 4294.783203,1032.088867 4294.048340,1024.843506 
	C4290.216797,987.052734 4285.958496,949.303467 4282.382324,911.489319 
	C4281.030762,897.197632 4283.244141,894.648193 4296.711914,889.018188 
	C4300.398926,887.476807 4304.207520,886.230774 4307.941406,884.798096 
	C4329.093262,876.681396 4350.242676,868.560059 4371.385742,860.420227 
	C4408.079590,846.293213 4444.873535,832.419373 4481.428223,817.940491 
	C4517.356934,803.709290 4553.039551,788.857788 4591.586914,773.028015 
z"/>
<path fill="var(--link)" opacity="1.000000" stroke="none" 
	d="
M4590.208984,773.653320 
	C4553.039551,788.857788 4517.356934,803.709290 4481.428223,817.940491 
	C4444.873535,832.419373 4408.079590,846.293213 4371.385742,860.420227 
	C4350.242676,868.560059 4329.093262,876.681396 4307.941406,884.798096 
	C4304.207520,886.230774 4300.398926,887.476807 4296.711914,889.018188 
	C4283.244141,894.648193 4281.030762,897.197632 4282.382324,911.489319 
	C4285.958496,949.303467 4290.216797,987.052734 4294.048340,1024.843506 
	C4294.783203,1032.088867 4295.068848,1039.406494 4295.056641,1046.689819 
	C4295.050293,1050.343018 4292.421387,1053.119141 4288.814941,1053.306030 
	C4286.491211,1053.426514 4283.396484,1052.343628 4281.803223,1050.687988 
	C4270.318848,1038.755737 4259.048828,1026.757568 4250.183105,1012.474365 
	C4233.542480,985.664978 4210.427246,964.203613 4189.087891,941.301208 
	C4183.764160,935.587219 4177.768066,934.939575 4170.937500,937.667786 
	C4165.986328,939.645569 4161.172363,942.074707 4156.083008,943.579712 
	C4136.688477,949.315002 4121.330078,959.961609 4112.090332,978.442261 
	C4111.210449,980.202393 4110.096680,981.845459 4109.908691,982.162659 
	C4099.129395,982.352783 4102.143066,972.414307 4096.626465,969.587341 
	C4095.535645,969.587341 4094.092285,969.230225 4092.915527,969.639648 
	C4061.437744,980.590942 4029.943848,991.698853 4000.640137,1007.718689 
	C3924.062012,1049.582520 3847.947021,1092.293701 3771.331299,1134.088135 
	C3697.054932,1174.606567 3622.620117,1214.848022 3547.816650,1254.382080 
	C3485.379150,1287.380737 3422.392822,1319.346313 3359.490234,1351.456665 
	C3311.416992,1375.997070 3263.126221,1400.113037 3214.849365,1424.252197 
	C3206.999023,1428.177368 3200.448486,1433.362915 3193.969238,1439.303223 
	C3181.255615,1450.960083 3168.204834,1462.539917 3153.948975,1472.159180 
	C3129.660156,1488.548096 3104.268066,1503.279541 3077.596680,1515.630005 
	C3072.916992,1517.796997 3067.871582,1519.613037 3064.972168,1524.813843 
	C3069.982422,1529.777832 3075.515137,1527.735718 3080.338623,1527.223145 
	C3104.188965,1524.689209 3127.979980,1521.599365 3151.810547,1518.872803 
	C3209.402832,1512.283203 3266.993652,1505.678589 3324.607666,1499.284546 
	C3376.935059,1493.477539 3429.275879,1487.786743 3481.640137,1482.324585 
	C3541.948975,1476.033936 3602.290283,1470.051880 3662.616943,1463.932739 
	C3711.004639,1459.024414 3759.369873,1453.883179 3807.785156,1449.265381 
	C3856.873779,1444.583374 3906.003662,1440.327637 3955.129639,1436.047607 
	C4012.885254,1431.015747 4070.629150,1425.810425 4128.427734,1421.320679 
	C4191.552734,1416.416992 4254.689941,1411.440674 4317.902832,1407.960815 
	C4396.426270,1403.638062 4475.014648,1400.327148 4553.608887,1397.523193 
	C4604.224121,1395.717529 4654.903809,1395.774170 4705.548340,1394.687256 
	C4745.526367,1393.829346 4785.493652,1392.443359 4825.469238,1391.433838 
	C4832.566406,1391.254639 4839.681641,1391.770874 4846.920410,1393.943970 
	C4845.314453,1394.580322 4843.761230,1395.510864 4842.094238,1395.810303 
	C4775.213379,1407.818237 4708.477539,1420.858154 4640.632812,1426.443359 
	C4614.070801,1428.629883 4587.458496,1430.339233 4560.840332,1431.697876 
	C4504.267090,1434.585693 4447.646484,1436.627319 4391.099609,1439.934692 
	C4353.195801,1442.151611 4315.384277,1445.936157 4277.532715,1449.038818 
	C4199.183594,1455.460815 4120.804688,1461.553467 4042.496094,1468.438354 
	C3984.103760,1473.572144 3925.773926,1479.468506 3867.467041,1485.514160 
	C3801.847900,1492.317871 3736.292236,1499.731445 3670.696533,1506.765137 
	C3615.048584,1512.732178 3559.346680,1518.214233 3503.734619,1524.493164 
	C3433.545410,1532.417847 3363.423828,1540.942749 3293.271240,1549.191528 
	C3248.929199,1554.405396 3204.543945,1559.277344 3160.248779,1564.862915 
	C3104.059326,1571.948364 3047.946289,1579.634888 2991.791260,1586.996460 
	C2964.052246,1590.632812 2936.265381,1593.914673 2908.550781,1597.725098 
	C2864.992676,1603.714233 2821.478760,1610.025391 2777.943359,1616.180542 
	C2717.913086,1624.667603 2657.845459,1632.897339 2597.858887,1641.681641 
	C2539.845947,1650.177002 2481.902832,1659.153198 2423.951416,1668.064453 
	C2319.890137,1684.066162 2215.841309,1700.148071 2111.796631,1716.257202 
	C2069.651367,1722.782349 2027.565308,1729.701294 1985.378174,1735.939819 
	C1972.223755,1737.885132 1962.282349,1743.339111 1953.141602,1753.369873 
	C1894.333740,1817.905640 1835.284424,1882.231079 1775.562744,1945.920898 
	C1740.467773,1983.347778 1704.111206,2019.598022 1668.036987,2056.095459 
	C1659.632446,2064.598633 1650.245239,2072.172607 1640.948120,2079.728516 
	C1637.497314,2082.532959 1633.007568,2084.059326 1628.955688,2086.187500 
	C1620.916870,2078.148438 1613.246460,2071.032471 1606.379150,2063.211426 
	C1604.707642,2061.307861 1604.382202,2056.372070 1605.660400,2054.057617 
	C1610.473022,2045.342529 1615.660278,2036.721313 1621.678467,2028.803101 
	C1658.061768,1980.933105 1698.757812,1936.807983 1741.867798,1895.060547 
	C1785.906616,1852.413818 1831.395630,1811.264771 1876.239014,1769.448608 
	C1880.921143,1765.082642 1887.243530,1761.901001 1888.140015,1754.416504 
	C1881.123047,1750.468140 1874.503662,1752.791260 1868.076172,1753.597900 
	C1826.425781,1758.825439 1784.763306,1763.978882 1743.171265,1769.644409 
	C1661.231689,1780.806030 1578.940430,1788.605957 1496.444824,1793.614868 
	C1453.252930,1796.237427 1409.836060,1796.220825 1366.541382,1795.698486 
	C1339.275391,1795.369629 1311.949341,1792.181519 1285.487549,1784.928223 
	C1272.061768,1781.248413 1258.918945,1776.245850 1246.067749,1770.843384 
	C1233.588745,1765.597656 1223.727539,1756.677734 1215.298950,1745.965576 
	C1210.416016,1739.759766 1204.839355,1733.863403 1198.687622,1728.935425 
	C1177.315918,1711.816162 1170.162476,1689.589233 1173.758423,1663.183105 
	C1176.407471,1643.731567 1183.944214,1625.975342 1193.052612,1608.815674 
	C1209.711426,1577.430908 1231.093750,1549.331177 1253.905518,1522.286621 
	C1308.251221,1457.856812 1369.905396,1400.899780 1434.480469,1347.025757 
	C1523.208496,1273.001221 1616.975708,1206.080688 1717.282715,1148.538696 
	C1756.647217,1125.956909 1797.144043,1105.618896 1839.748413,1089.799561 
	C1866.675049,1079.801514 1894.020630,1071.117432 1923.116943,1070.489502 
	C1930.391113,1070.332397 1937.925415,1070.431030 1944.935791,1072.105103 
	C1964.131226,1076.688721 1969.947388,1096.654663 1956.102783,1110.633301 
	C1946.531738,1120.296997 1934.670532,1126.285156 1920.758301,1127.184204 
	C1919.656494,1127.255371 1918.473145,1126.064331 1917.324219,1125.456543 
	C1913.945068,1116.826050 1926.769653,1114.423706 1924.476685,1105.397095 
	C1920.307007,1105.397095 1915.563721,1104.301025 1911.587646,1105.583618 
	C1892.577637,1111.715210 1873.393433,1117.569214 1854.968384,1125.204590 
	C1787.563599,1153.138062 1725.394653,1190.662842 1664.725464,1230.807617 
	C1574.463013,1290.534058 1490.596313,1358.328491 1410.838013,1431.386841 
	C1362.095825,1476.034668 1315.876099,1523.012817 1274.509155,1574.624268 
	C1257.809692,1595.459229 1242.458252,1617.256226 1230.971191,1641.496338 
	C1224.960449,1654.180054 1220.181030,1667.248047 1218.558228,1681.399658 
	C1216.706421,1697.547363 1222.655518,1710.054443 1235.145020,1719.750122 
	C1244.751465,1727.207764 1255.802612,1731.764893 1267.399292,1735.237427 
	C1297.062012,1744.119629 1327.658081,1746.386108 1358.296997,1747.510620 
	C1412.997437,1749.517822 1467.541504,1746.007690 1522.038940,1741.540405 
	C1618.391968,1733.642090 1714.125122,1720.478882 1809.878540,1707.567017 
	C1855.438599,1701.423340 1900.794067,1693.775635 1946.315308,1687.325073 
	C1959.507690,1685.455688 1969.636353,1680.138184 1978.792847,1670.186401 
	C2030.240112,1614.270752 2082.280273,1558.900757 2134.000000,1503.235107 
	C2141.705566,1494.941406 2149.018799,1486.250488 2156.024170,1477.357788 
	C2158.249756,1474.532715 2158.887451,1470.456665 2160.076660,1467.402588 
	C2154.954346,1462.458374 2150.695801,1464.472046 2146.256348,1466.130127 
	C2129.410645,1472.421509 2112.535400,1478.637207 2095.606689,1484.700562 
	C2091.235352,1486.266113 2086.665283,1487.338013 2082.123047,1488.352051 
	C2070.370850,1490.975586 2059.413818,1491.436157 2053.136230,1478.068848 
	C2052.097412,1475.857178 2049.295654,1474.492432 2047.363037,1472.678345 
	C2039.154297,1464.973389 2037.678955,1459.788940 2043.218750,1450.014404 
	C2048.453613,1440.778076 2055.053467,1432.315796 2061.042725,1423.506104 
	C2064.761230,1418.036255 2068.667725,1412.678101 2072.079834,1407.022461 
	C2073.726807,1404.292358 2070.113281,1399.835083 2066.927246,1400.533081 
	C2063.063232,1401.379517 2059.115234,1402.306885 2055.541504,1403.939087 
	C2036.154907,1412.793091 2016.826050,1421.777344 1997.571167,1430.914795 
	C1985.535889,1436.626221 1973.724976,1442.810791 1961.693481,1448.530640 
	C1956.898682,1450.810425 1951.841675,1452.595459 1946.790161,1454.260498 
	C1942.678345,1455.615967 1938.954102,1454.562012 1935.959106,1451.257324 
	C1931.091797,1445.886597 1926.183105,1440.553223 1920.252441,1434.067261 
	C1921.733032,1430.635132 1922.674805,1425.902466 1925.387085,1422.643433 
	C1933.470215,1412.931396 1941.792603,1403.330078 1950.834473,1394.519775 
	C1989.072021,1357.260742 2030.308350,1323.427002 2072.119873,1290.334595 
	C2120.197021,1252.282837 2168.778320,1214.867676 2217.149658,1177.187622 
	C2220.302734,1174.731323 2223.276367,1171.840088 2226.809570,1170.141479 
	C2229.604248,1168.797852 2233.157471,1168.447388 2236.324707,1168.609253 
	C2240.434082,1168.819092 2243.757080,1173.380737 2242.899902,1177.122925 
	C2241.222168,1184.447998 2238.191650,1190.786743 2230.851562,1194.388794 
	C2226.154785,1196.693481 2221.411621,1199.284058 2217.445801,1202.640259 
	C2165.564453,1246.543457 2113.781738,1290.563110 2062.058105,1334.652100 
	C2043.802734,1350.212891 2025.740112,1366.000977 2007.672729,1381.780518 
	C2004.257080,1384.763672 2000.300781,1387.719360 2001.539429,1393.193604 
	C2006.248047,1397.373291 2010.470703,1394.392090 2014.557251,1392.563354 
	C2032.199097,1384.668945 2049.708008,1376.475220 2067.403809,1368.704956 
	C2075.322021,1365.228149 2083.444824,1362.100342 2091.702881,1359.553589 
	C2097.373291,1357.804688 2103.409424,1356.652710 2109.329346,1356.418579 
	C2123.941650,1355.840454 2133.292236,1367.365479 2128.814453,1381.471558 
	C2126.254639,1389.534912 2121.678955,1397.279541 2116.639160,1404.163086 
	C2107.990967,1415.974731 2098.263916,1426.995850 2088.999756,1438.356934 
	C2085.632568,1442.486084 2081.960693,1446.425659 2079.107422,1450.886475 
	C2077.973389,1452.659424 2078.102539,1455.803467 2078.812012,1457.939575 
	C2079.134766,1458.911499 2082.570068,1459.807861 2084.070801,1459.272827 
	C2092.830322,1456.150391 2101.568115,1452.893677 2110.063965,1449.120361 
	C2127.725830,1441.276245 2145.095459,1432.760498 2162.864014,1425.175049 
	C2170.770020,1421.799927 2179.199463,1419.106201 2187.657471,1417.679199 
	C2207.759277,1414.287720 2219.949951,1428.772461 2213.307373,1448.206787 
	C2210.538574,1456.307495 2206.609375,1464.313599 2201.718750,1471.323730 
	C2191.822021,1485.509155 2180.874268,1498.959717 2170.430420,1512.766479 
	C2166.027588,1518.587036 2161.724609,1524.489014 2157.601562,1530.508179 
	C2157.123535,1531.206177 2157.751221,1533.183105 2158.483154,1534.040649 
	C2159.211670,1534.894287 2161.111084,1535.824219 2161.819336,1535.447144 
	C2167.053467,1532.660767 2172.416504,1529.965210 2177.185547,1526.482910 
	C2201.947266,1508.403198 2226.251709,1489.685425 2251.255127,1471.950928 
	C2317.031494,1425.296143 2383.058350,1378.993530 2449.046875,1332.638428 
	C2473.044678,1315.780640 2497.110840,1299.014771 2521.391113,1282.569458 
	C2526.799561,1278.906616 2533.061279,1276.251587 2539.263672,1274.089600 
	C2544.614746,1272.224365 2549.868652,1273.637573 2553.540039,1278.500122 
	C2557.448975,1283.676758 2559.022461,1289.590942 2555.649658,1295.303589 
	C2552.646729,1300.390137 2548.902100,1305.305542 2544.552734,1309.275757 
	C2535.209717,1317.804321 2525.392090,1325.831177 2515.546875,1333.789185 
	C2459.559082,1379.044678 2404.023926,1424.834595 2350.581787,1473.101318 
	C2343.661865,1479.351196 2336.945557,1485.839478 2330.376465,1492.457397 
	C2328.199707,1494.650391 2326.781738,1497.596802 2323.749023,1502.067383 
	C2328.289795,1502.293091 2331.091553,1503.303589 2332.875488,1502.369629 
	C2340.537842,1498.357666 2347.979492,1493.901611 2355.357178,1489.372314 
	C2370.125488,1480.305664 2384.734619,1470.978516 2399.531494,1461.959839 
	C2412.195312,1454.241455 2425.344971,1451.281128 2439.797607,1460.037720 
	C2444.005371,1456.903076 2448.535400,1454.173706 2452.296875,1450.628906 
	C2507.747070,1398.373047 2568.693604,1353.000122 2630.342285,1308.535400 
	C2703.376465,1255.858643 2778.671631,1206.632324 2857.310791,1162.694214 
	C2912.591309,1131.807129 2968.443115,1101.963257 3026.529053,1076.565918 
	C3044.869629,1068.546753 3063.510986,1061.170410 3083.333008,1057.712158 
	C3091.135498,1056.350708 3099.256104,1055.622192 3107.130615,1056.141968 
	C3119.203125,1056.938721 3126.546631,1064.507446 3128.370850,1076.388550 
	C3129.942871,1086.627686 3127.762695,1096.235962 3123.125732,1105.413452 
	C3114.043457,1123.390381 3101.894043,1139.175903 3088.913086,1154.458862 
	C3041.616211,1210.141602 2986.159668,1257.009644 2929.459473,1302.548218 
	C2923.225830,1307.554688 2916.631836,1312.129639 2910.589111,1317.349243 
	C2907.773193,1319.781494 2905.876221,1323.277466 2902.900635,1327.153442 
	C2906.178955,1329.891235 2908.779053,1331.786621 2911.056641,1334.011963 
	C2921.023926,1343.749512 2923.325684,1354.098389 2917.369141,1366.563110 
	C2914.236572,1373.118164 2909.685547,1378.995728 2905.768555,1385.175049 
	C2903.700684,1388.437256 2901.618896,1391.690552 2899.958008,1394.296753 
	C2901.431152,1399.599487 2904.685547,1399.838867 2908.114258,1399.636230 
	C2909.436523,1399.558105 2910.791260,1399.386963 2912.052246,1399.000488 
	C2957.912598,1384.937256 3003.767578,1370.857544 3049.606201,1356.723755 
	C3052.782227,1355.744385 3055.758057,1354.109375 3058.940430,1353.159424 
	C3070.494141,1349.711060 3078.113770,1343.579224 3081.675293,1330.819824 
	C3084.248535,1321.600586 3090.526123,1312.758545 3097.022949,1305.400635 
	C3133.838379,1263.704224 3177.717773,1231.987793 3230.635742,1213.590088 
	C3239.484375,1210.513672 3248.429932,1208.098999 3257.993896,1208.698486 
	C3274.774414,1209.750244 3284.880371,1222.473877 3280.572021,1238.656128 
	C3278.912109,1244.890625 3275.444092,1250.931274 3271.669189,1256.259277 
	C3261.921143,1270.018066 3248.725098,1280.311279 3235.318115,1290.263062 
	C3206.925049,1311.338379 3176.857910,1329.812378 3146.283936,1347.504395 
	C3142.283447,1349.819458 3138.529053,1352.595825 3134.856689,1355.414185 
	C3134.010742,1356.063232 3133.974365,1357.767090 3133.510010,1359.150879 
	C3135.645508,1364.876221 3141.186279,1365.975220 3146.071777,1367.697876 
	C3160.517822,1372.791870 3175.147461,1377.378418 3189.508789,1382.694824 
	C3196.654053,1385.339966 3202.477783,1383.049316 3208.502686,1379.903198 
	C3228.591797,1369.413330 3248.819824,1359.184937 3268.793701,1348.481079 
	C3381.588623,1288.034668 3494.326416,1227.481079 3607.078369,1166.953613 
	C3615.886719,1162.225098 3624.650391,1157.412842 3633.440186,1152.648926 
	C3639.485840,1149.372314 3644.252686,1145.408447 3645.481445,1137.851440 
	C3647.444336,1125.775146 3655.342041,1117.607666 3665.455566,1111.717651 
	C3677.534912,1104.682495 3689.592285,1097.427368 3702.297852,1091.678223 
	C3798.237305,1048.266357 3894.231934,1004.974304 3990.425293,962.129211 
	C4034.251709,942.608704 4078.929199,924.973328 4121.171387,902.018982 
	C4126.925293,898.892212 4132.632812,895.679810 4138.438477,892.464722 
	C4137.759766,889.393921 4137.917969,887.112549 4136.867676,885.792664 
	C4105.217285,846.019531 4067.702881,813.788757 4019.488770,795.595886 
	C4012.652344,793.016235 4005.583008,790.630005 3998.408936,789.470947 
	C3988.429932,787.858765 3981.046875,783.472229 3976.452393,774.367798 
	C3975.350830,772.185120 3973.471924,770.394775 3972.010986,768.502502 
	C3977.139160,762.017883 3983.438721,763.142090 3989.210693,762.864990 
	C4006.516113,762.034424 4023.849854,761.694275 4041.135986,760.589172 
	C4085.027832,757.783325 4128.899902,754.666321 4172.779297,751.667053 
	C4174.773926,751.530762 4176.760742,751.257019 4178.756836,751.165833 
	C4188.815918,750.705994 4193.981934,745.382935 4196.696289,735.684021 
	C4205.854004,702.961121 4215.370605,670.331421 4225.281738,637.828308 
	C4233.833984,609.782715 4243.027344,581.930847 4252.139160,554.059387 
	C4253.993164,548.389709 4256.309082,542.770081 4259.202637,537.567200 
	C4262.741699,531.203613 4268.639160,528.132629 4276.009766,529.353516 
	C4283.033203,530.516846 4285.980957,536.494019 4286.942871,542.209290 
	C4288.136719,549.304077 4287.720215,556.791016 4287.144043,564.040710 
	C4284.823242,593.259277 4281.773438,622.424377 4279.777344,651.662720 
	C4278.325684,672.929810 4277.946289,694.277222 4277.429199,715.597046 
	C4277.254883,722.788147 4276.230469,730.324341 4281.565430,737.893311 
	C4288.190430,741.592102 4296.208496,740.027588 4303.985352,739.152893 
	C4327.164551,736.545654 4350.342285,733.881104 4373.460938,730.791504 
	C4445.460449,721.169739 4517.418945,711.240356 4589.425781,701.677979 
	C4603.948730,699.749390 4618.593750,698.494690 4633.225098,697.742065 
	C4640.438477,697.371033 4647.996094,697.892944 4654.959961,699.700195 
	C4669.046387,703.356079 4673.789551,717.890442 4664.888672,729.538025 
	C4661.313477,734.216614 4656.743652,738.491089 4651.813965,741.700928 
	C4642.903320,747.502075 4633.539062,752.669250 4624.074707,757.539001 
	C4613.412109,763.025879 4602.430176,767.891907 4590.208984,773.653320 
M2265.841064,1503.681030 
	C2265.934570,1499.533325 2263.758057,1501.317871 2261.107910,1503.552612 
	C2261.137695,1507.388916 2262.757324,1506.675049 2265.841064,1503.681030 
M2324.175293,1547.687256 
	C2313.232422,1554.045898 2302.529785,1560.875488 2291.270264,1566.612671 
	C2282.423096,1571.120483 2272.979004,1574.527222 2263.624756,1577.943359 
	C2258.110596,1579.957153 2252.859375,1578.710083 2249.781494,1573.237549 
	C2246.438965,1567.295166 2242.065186,1562.679443 2236.424316,1558.748657 
	C2230.908447,1554.905396 2230.024170,1550.511353 2233.578857,1544.933350 
	C2238.572266,1537.096924 2244.515625,1529.870605 2249.919189,1522.288086 
	C2251.711670,1519.772949 2254.777344,1517.345825 2251.442871,1512.938477 
	C2243.878662,1513.168213 2238.766602,1518.860107 2233.227783,1523.055054 
	C2188.089355,1557.240479 2143.028809,1591.531006 2098.153809,1626.061890 
	C2082.860352,1637.829834 2068.119385,1650.320312 2053.261475,1662.644165 
	C2051.596680,1664.025024 2050.820068,1666.476318 2049.022217,1669.433350 
	C2052.691406,1669.772217 2054.650391,1670.342407 2056.480957,1670.064819 
	C2093.362305,1664.474121 2130.229736,1658.791504 2167.098389,1653.116333 
	C2215.160645,1645.718140 2263.206299,1638.209595 2311.287354,1630.936768 
	C2354.086182,1624.463135 2396.914795,1618.181885 2439.747070,1611.932739 
	C2485.879150,1605.202393 2532.006592,1598.429077 2578.181396,1592.002441 
	C2629.646240,1584.839600 2681.143066,1577.898560 2732.661377,1571.130371 
	C2792.761719,1563.234863 2852.901123,1555.635254 2913.022461,1547.897583 
	C2942.093262,1544.156006 2971.171875,1540.469116 3000.218018,1536.542358 
	C3003.866211,1536.049072 3007.336182,1534.239990 3010.061523,1533.319824 
	C3013.347168,1518.640991 2998.061523,1517.694336 2994.543457,1509.029297 
	C2995.681152,1506.689453 2996.148193,1504.524536 2997.470215,1503.238037 
	C3001.272217,1499.538208 3005.087891,1495.688477 3009.489746,1492.798462 
	C3026.748779,1481.467407 3043.886475,1469.883179 3061.720947,1459.513672 
	C3087.057129,1444.781860 3112.993408,1431.084106 3138.605225,1416.822144 
	C3142.389648,1414.714966 3147.825928,1413.868774 3147.578613,1406.742188 
	C3139.022461,1402.501099 3129.558838,1399.048706 3121.553711,1393.494385 
	C3113.528564,1387.926270 3106.958984,1380.260620 3098.626709,1372.461426 
	C3094.696777,1373.715088 3089.696533,1375.169556 3084.793457,1376.899170 
	C3064.701660,1383.986328 3044.832275,1391.770874 3024.519775,1398.148682 
	C2996.559326,1406.927246 2968.283203,1414.702637 2940.123291,1422.841675 
	C2885.586670,1438.604370 2833.039551,1459.375122 2782.476562,1485.190796 
	C2775.435547,1488.785767 2768.523926,1492.917480 2759.530029,1493.980225 
	C2754.579102,1487.899780 2749.682373,1481.886108 2744.706787,1475.775513 
	C2748.950439,1467.392212 2756.321777,1463.814209 2762.641846,1459.217285 
	C2790.116455,1439.234253 2817.869141,1419.627930 2845.118652,1399.344482 
	C2855.774170,1391.412842 2865.529541,1382.232544 2875.349365,1373.243286 
	C2877.946777,1370.865601 2879.259766,1367.084961 2881.671143,1363.110718 
	C2878.154053,1362.361694 2876.071289,1361.212158 2874.462891,1361.683105 
	C2854.651367,1367.482056 2834.958984,1373.842285 2817.385498,1384.928101 
	C2799.367676,1396.294434 2781.909912,1408.545410 2764.129883,1420.292236 
	C2734.645508,1439.771729 2704.226807,1457.682861 2672.657471,1473.561523 
	C2665.584717,1477.119141 2657.897461,1479.584839 2650.295898,1481.908691 
	C2646.359375,1483.112061 2642.429443,1481.753906 2639.605713,1478.261108 
	C2634.693115,1472.184692 2629.721680,1466.156128 2624.031006,1459.198364 
	C2627.644043,1455.095215 2630.608154,1450.661987 2634.567627,1447.458740 
	C2642.322266,1441.185059 2650.386475,1435.218872 2658.753906,1429.790405 
	C2697.463867,1404.678345 2739.247803,1385.509033 2781.241211,1366.730225 
	C2790.310059,1362.674805 2799.463623,1358.364746 2807.609863,1352.763672 
	C2856.503906,1319.146484 2903.796143,1283.369995 2949.071533,1245.004761 
	C2986.191406,1213.550415 3022.890625,1181.547974 3055.184326,1145.020752 
	C3068.378174,1130.097168 3080.010254,1113.776001 3092.030762,1097.847656 
	C3094.210938,1094.958618 3096.832764,1091.077881 3092.354736,1086.109497 
	C3089.895752,1086.382202 3086.560059,1086.201782 3083.608398,1087.179932 
	C3073.506592,1090.527466 3063.150391,1093.466431 3053.591553,1098.028442 
	C3020.544922,1113.800415 2987.676758,1129.958252 2954.956787,1146.399658 
	C2900.153564,1173.937744 2847.365234,1205.114624 2795.608643,1237.891968 
	C2752.312500,1265.311646 2710.245605,1294.677734 2667.733398,1323.329102 
	C2619.639893,1355.741699 2573.489258,1390.797729 2529.031006,1427.984009 
	C2505.552734,1447.621826 2483.434570,1468.895874 2460.944336,1489.692627 
	C2457.952148,1492.459595 2452.788818,1494.964844 2455.309570,1501.687256 
	C2457.737305,1501.687256 2460.328857,1501.929199 2462.862061,1501.647827 
	C2478.543701,1499.906616 2487.494141,1516.463989 2479.335938,1530.929810 
	C2477.705811,1533.820068 2476.070801,1536.759521 2474.032959,1539.358643 
	C2463.617920,1552.641357 2450.996582,1563.429810 2436.097656,1571.343018 
	C2421.206787,1579.251953 2416.101562,1578.317871 2402.746582,1566.456421 
	C2402.285156,1566.046753 2401.567871,1565.925781 2399.258545,1564.939209 
	C2394.469482,1567.215576 2388.551025,1570.030640 2382.631104,1572.842407 
	C2373.608398,1577.127686 2364.674561,1581.616821 2355.526611,1585.615356 
	C2350.228760,1587.931274 2345.325928,1587.252197 2341.252930,1582.276611 
	C2336.283936,1576.205811 2330.832764,1570.529419 2324.778320,1563.777222 
	C2326.466797,1559.591919 2328.419434,1554.751831 2330.930908,1548.404785 
	C2330.719727,1544.927002 2329.001221,1545.158447 2324.175293,1547.687256 
M4598.061523,729.284363 
	C4573.646484,732.188538 4549.201660,734.860474 4524.822754,738.040894 
	C4454.221191,747.251404 4383.649902,756.691528 4313.056152,765.962280 
	C4305.804199,766.914673 4298.445312,767.065002 4291.201660,768.062988 
	C4280.268555,769.569153 4277.403320,772.137268 4277.152344,783.637634 
	C4276.773926,800.922058 4277.277832,818.238953 4277.930664,835.522339 
	C4278.069336,839.187317 4280.458984,842.767273 4281.700684,846.089600 
	C4290.280273,847.582092 4297.126465,844.383057 4303.878418,842.039795 
	C4374.939453,817.379272 4446.007812,792.731445 4516.863281,767.488098 
	C4540.672852,759.005615 4563.956543,749.015259 4587.299316,739.279541 
	C4591.821289,737.393555 4598.009277,736.907410 4598.061523,729.284363 
M4079.643799,783.755249 
	C4072.845459,784.868530 4065.258789,782.623230 4058.230225,788.078979 
	C4074.307373,801.609802 4089.495117,814.236389 4104.506836,827.069092 
	C4119.966797,840.285156 4132.101562,857.081665 4148.176758,869.781799 
	C4158.144531,857.666199 4162.818848,846.483276 4178.317871,797.863037 
	C4180.061035,792.395813 4183.371094,786.864929 4178.747070,778.687805 
	C4147.491211,778.861206 4115.321777,782.412109 4079.643799,783.755249 
M4200.369629,814.073242 
	C4194.077637,830.112000 4187.693359,846.115845 4181.583008,862.223511 
	C4180.546387,864.956360 4180.685547,868.135193 4180.037598,872.899963 
	C4191.932129,869.651489 4202.071289,865.955933 4212.233887,871.751282 
	C4213.626465,872.545349 4216.198242,871.809937 4218.032227,871.202332 
	C4228.663574,867.679626 4239.755859,865.146484 4249.764160,857.041016 
	C4252.660156,834.571777 4248.119141,811.487549 4248.736816,788.412170 
	C4248.854004,784.029907 4247.083008,779.597107 4246.199219,775.267029 
	C4234.547852,771.332092 4224.587891,774.725098 4213.332031,777.749146 
	C4209.361816,788.802124 4205.358398,799.947876 4200.369629,814.073242 
M4223.235352,916.812683 
	C4216.551758,920.488220 4208.002441,921.085022 4203.129395,928.059082 
	C4204.109863,930.566406 4204.353027,932.796204 4205.582031,934.088684 
	C4222.403809,951.777100 4239.356445,969.340942 4256.319336,986.893982 
	C4256.674316,987.261169 4257.566895,987.291687 4258.161133,987.192932 
	C4258.781250,987.089905 4259.342773,986.639648 4261.141113,985.725769 
	C4260.814453,962.628418 4257.353027,939.228577 4254.665527,915.784485 
	C4254.398438,913.456482 4252.357910,911.331909 4251.168457,909.163025 
	C4241.346680,907.908325 4233.963867,912.980042 4223.235352,916.812683 
M4233.175293,710.988770 
	C4230.676758,721.710022 4225.125000,731.822510 4226.034180,743.359741 
	C4233.846191,748.078369 4240.242188,745.510681 4247.269043,741.685669 
	C4247.968262,736.321045 4249.103516,731.165283 4249.231445,725.984619 
	C4249.671875,708.177612 4249.769043,690.361938 4249.937988,672.549072 
	C4249.942871,672.012634 4249.412598,671.268982 4248.922363,670.988098 
	C4248.454102,670.719727 4247.711426,670.930237 4245.797852,670.930237 
	C4242.016602,683.012695 4238.106934,695.504883 4233.175293,710.988770 
M3206.281250,1261.449341 
	C3197.955078,1266.818237 3189.187256,1271.624023 3181.426025,1277.713135 
	C3173.529785,1283.908081 3163.570068,1288.350586 3158.895752,1298.356567 
	C3164.539062,1301.824463 3167.570557,1298.333740 3170.636719,1296.304932 
	C3189.140381,1284.061768 3207.783936,1271.960693 3224.480469,1254.729370 
	C3216.613525,1253.472046 3212.859375,1257.653687 3206.281250,1261.449341 
M2137.538574,1555.254395 
	C2140.005615,1553.800293 2142.580566,1552.489990 2144.856445,1550.781250 
	C2145.363281,1550.400513 2145.232666,1548.239380 2144.638916,1547.588501 
	C2144.056152,1546.949951 2141.899658,1546.663330 2141.490234,1547.136597 
	C2139.616211,1549.301270 2138.113281,1551.787109 2137.538574,1555.254395 
M3149.668457,1306.005127 
	C3149.668457,1306.005127 3150.130859,1305.748169 3149.668457,1306.005127 
M1994.187622,1398.913452 
	C1994.187622,1398.913452 1994.774048,1397.837280 1994.774048,1397.837280 
	C1994.774048,1397.837280 1993.545044,1398.015869 1994.187622,1398.913452 
M2078.569580,1398.161011 
	C2078.569580,1398.161011 2077.399902,1397.572266 2077.399902,1397.572266 
	C2077.399902,1397.572266 2077.626709,1398.848877 2078.569580,1398.161011 
M2894.944092,1401.950195 
	C2894.944092,1401.950195 2893.773926,1401.393066 2893.773926,1401.393066 
	C2893.773926,1401.393066 2894.026855,1402.645874 2894.944092,1401.950195 
M2165.645996,1462.662842 
	C2165.645996,1462.662842 2166.153320,1461.616211 2166.153320,1461.616211 
	C2166.153320,1461.616211 2164.999512,1461.839600 2165.645996,1462.662842 
z"/>
<path fill="var(--link)" opacity="1.000000" stroke="none" 
	d="
M2330.371826,1549.911621 
	C2328.419434,1554.751831 2326.466797,1559.591919 2324.778320,1563.777222 
	C2330.832764,1570.529419 2336.283936,1576.205811 2341.252930,1582.276611 
	C2345.325928,1587.252197 2350.228760,1587.931274 2355.526611,1585.615356 
	C2364.674561,1581.616821 2373.608398,1577.127686 2382.631104,1572.842407 
	C2388.551025,1570.030640 2394.469482,1567.215576 2399.258545,1564.939209 
	C2401.567871,1565.925781 2402.285156,1566.046753 2402.746582,1566.456421 
	C2416.101562,1578.317871 2421.206787,1579.251953 2436.097656,1571.343018 
	C2450.996582,1563.429810 2463.617920,1552.641357 2474.032959,1539.358643 
	C2476.070801,1536.759521 2477.705811,1533.820068 2479.335938,1530.929810 
	C2487.494141,1516.463989 2478.543701,1499.906616 2462.862061,1501.647827 
	C2460.328857,1501.929199 2457.737305,1501.687256 2455.309570,1501.687256 
	C2452.788818,1494.964844 2457.952148,1492.459595 2460.944336,1489.692627 
	C2483.434570,1468.895874 2505.552734,1447.621826 2529.031006,1427.984009 
	C2573.489258,1390.797729 2619.639893,1355.741699 2667.733398,1323.329102 
	C2710.245605,1294.677734 2752.312500,1265.311646 2795.608643,1237.891968 
	C2847.365234,1205.114624 2900.153564,1173.937744 2954.956787,1146.399658 
	C2987.676758,1129.958252 3020.544922,1113.800415 3053.591553,1098.028442 
	C3063.150391,1093.466431 3073.506592,1090.527466 3083.608398,1087.179932 
	C3086.560059,1086.201782 3089.895752,1086.382202 3092.354736,1086.109497 
	C3096.832764,1091.077881 3094.210938,1094.958618 3092.030762,1097.847656 
	C3080.010254,1113.776001 3068.378174,1130.097168 3055.184326,1145.020752 
	C3022.890625,1181.547974 2986.191406,1213.550415 2949.071533,1245.004761 
	C2903.796143,1283.369995 2856.503906,1319.146484 2807.609863,1352.763672 
	C2799.463623,1358.364746 2790.310059,1362.674805 2781.241211,1366.730225 
	C2739.247803,1385.509033 2697.463867,1404.678345 2658.753906,1429.790405 
	C2650.386475,1435.218872 2642.322266,1441.185059 2634.567627,1447.458740 
	C2630.608154,1450.661987 2627.644043,1455.095215 2624.031006,1459.198364 
	C2629.721680,1466.156128 2634.693115,1472.184692 2639.605713,1478.261108 
	C2642.429443,1481.753906 2646.359375,1483.112061 2650.295898,1481.908691 
	C2657.897461,1479.584839 2665.584717,1477.119141 2672.657471,1473.561523 
	C2704.226807,1457.682861 2734.645508,1439.771729 2764.129883,1420.292236 
	C2781.909912,1408.545410 2799.367676,1396.294434 2817.385498,1384.928101 
	C2834.958984,1373.842285 2854.651367,1367.482056 2874.462891,1361.683105 
	C2876.071289,1361.212158 2878.154053,1362.361694 2881.671143,1363.110718 
	C2879.259766,1367.084961 2877.946777,1370.865601 2875.349365,1373.243286 
	C2865.529541,1382.232544 2855.774170,1391.412842 2845.118652,1399.344482 
	C2817.869141,1419.627930 2790.116455,1439.234253 2762.641846,1459.217285 
	C2756.321777,1463.814209 2748.950439,1467.392212 2744.706787,1475.775513 
	C2749.682373,1481.886108 2754.579102,1487.899780 2759.530029,1493.980225 
	C2768.523926,1492.917480 2775.435547,1488.785767 2782.476562,1485.190796 
	C2833.039551,1459.375122 2885.586670,1438.604370 2940.123291,1422.841675 
	C2968.283203,1414.702637 2996.559326,1406.927246 3024.519775,1398.148682 
	C3044.832275,1391.770874 3064.701660,1383.986328 3084.793457,1376.899170 
	C3089.696533,1375.169556 3094.696777,1373.715088 3098.626709,1372.461426 
	C3106.958984,1380.260620 3113.528564,1387.926270 3121.553711,1393.494385 
	C3129.558838,1399.048706 3139.022461,1402.501099 3147.578613,1406.742188 
	C3147.825928,1413.868774 3142.389648,1414.714966 3138.605225,1416.822144 
	C3112.993408,1431.084106 3087.057129,1444.781860 3061.720947,1459.513672 
	C3043.886475,1469.883179 3026.748779,1481.467407 3009.489746,1492.798462 
	C3005.087891,1495.688477 3001.272217,1499.538208 2997.470215,1503.238037 
	C2996.148193,1504.524536 2995.681152,1506.689453 2994.543457,1509.029297 
	C2998.061523,1517.694336 3013.347168,1518.640991 3010.061523,1533.319824 
	C3007.336182,1534.239990 3003.866211,1536.049072 3000.218018,1536.542358 
	C2971.171875,1540.469116 2942.093262,1544.156006 2913.022461,1547.897583 
	C2852.901123,1555.635254 2792.761719,1563.234863 2732.661377,1571.130371 
	C2681.143066,1577.898560 2629.646240,1584.839600 2578.181396,1592.002441 
	C2532.006592,1598.429077 2485.879150,1605.202393 2439.747070,1611.932739 
	C2396.914795,1618.181885 2354.086182,1624.463135 2311.287354,1630.936768 
	C2263.206299,1638.209595 2215.160645,1645.718140 2167.098389,1653.116333 
	C2130.229736,1658.791504 2093.362305,1664.474121 2056.480957,1670.064819 
	C2054.650391,1670.342407 2052.691406,1669.772217 2049.022217,1669.433350 
	C2050.820068,1666.476318 2051.596680,1664.025024 2053.261475,1662.644165 
	C2068.119385,1650.320312 2082.860352,1637.829834 2098.153809,1626.061890 
	C2143.028809,1591.531006 2188.089355,1557.240479 2233.227783,1523.055054 
	C2238.766602,1518.860107 2243.878662,1513.168213 2251.442871,1512.938477 
	C2254.777344,1517.345825 2251.711670,1519.772949 2249.919189,1522.288086 
	C2244.515625,1529.870605 2238.572266,1537.096924 2233.578857,1544.933350 
	C2230.024170,1550.511353 2230.908447,1554.905396 2236.424316,1558.748657 
	C2242.065186,1562.679443 2246.438965,1567.295166 2249.781494,1573.237549 
	C2252.859375,1578.710083 2258.110596,1579.957153 2263.624756,1577.943359 
	C2272.979004,1574.527222 2282.423096,1571.120483 2291.270264,1566.612671 
	C2302.529785,1560.875488 2313.232422,1554.045898 2326.364746,1548.000977 
	C2329.160156,1548.846802 2329.766113,1549.379150 2330.371826,1549.911621 
z"/>
<path fill="var(--link)" opacity="1.000000" stroke="none" 
	d="
M4598.807617,729.888611 
	C4598.009277,736.907410 4591.821289,737.393555 4587.299316,739.279541 
	C4563.956543,749.015259 4540.672852,759.005615 4516.863281,767.488098 
	C4446.007812,792.731445 4374.939453,817.379272 4303.878418,842.039795 
	C4297.126465,844.383057 4290.280273,847.582092 4281.700684,846.089600 
	C4280.458984,842.767273 4278.069336,839.187317 4277.930664,835.522339 
	C4277.277832,818.238953 4276.773926,800.922058 4277.152344,783.637634 
	C4277.403320,772.137268 4280.268555,769.569153 4291.201660,768.062988 
	C4298.445312,767.065002 4305.804199,766.914673 4313.056152,765.962280 
	C4383.649902,756.691528 4454.221191,747.251404 4524.822754,738.040894 
	C4549.201660,734.860474 4573.646484,732.188538 4598.807617,729.888611 
z"/>
<path fill="var(--link)" opacity="1.000000" stroke="none" 
	d="
M4081.364258,783.653320 
	C4115.321777,782.412109 4147.491211,778.861206 4178.747070,778.687805 
	C4183.371094,786.864929 4180.061035,792.395813 4178.317871,797.863037 
	C4162.818848,846.483276 4158.144531,857.666199 4148.176758,869.781799 
	C4132.101562,857.081665 4119.966797,840.285156 4104.506836,827.069092 
	C4089.495117,814.236389 4074.307373,801.609802 4058.230225,788.078979 
	C4065.258789,782.623230 4072.845459,784.868530 4081.364258,783.653320 
z"/>
<path fill="var(--link)" opacity="1.000000" stroke="none" 
	d="
M4200.862305,812.583496 
	C4205.358398,799.947876 4209.361816,788.802124 4213.332031,777.749146 
	C4224.587891,774.725098 4234.547852,771.332092 4246.199219,775.267029 
	C4247.083008,779.597107 4248.854004,784.029907 4248.736816,788.412170 
	C4248.119141,811.487549 4252.660156,834.571777 4249.764160,857.041016 
	C4239.755859,865.146484 4228.663574,867.679626 4218.032227,871.202332 
	C4216.198242,871.809937 4213.626465,872.545349 4212.233887,871.751282 
	C4202.071289,865.955933 4191.932129,869.651489 4180.037598,872.899963 
	C4180.685547,868.135193 4180.546387,864.956360 4181.583008,862.223511 
	C4187.693359,846.115845 4194.077637,830.112000 4200.862305,812.583496 
z"/>
<path fill="var(--link)" opacity="1.000000" stroke="none" 
	d="
M4224.605957,916.227173 
	C4233.963867,912.980042 4241.346680,907.908325 4251.168457,909.163025 
	C4252.357910,911.331909 4254.398438,913.456482 4254.665527,915.784485 
	C4257.353027,939.228577 4260.814453,962.628418 4261.141113,985.725769 
	C4259.342773,986.639648 4258.781250,987.089905 4258.161133,987.192932 
	C4257.566895,987.291687 4256.674316,987.261169 4256.319336,986.893982 
	C4239.356445,969.340942 4222.403809,951.777100 4205.582031,934.088684 
	C4204.353027,932.796204 4204.109863,930.566406 4203.129395,928.059082 
	C4208.002441,921.085022 4216.551758,920.488220 4224.605957,916.227173 
z"/>
<path fill="var(--link)" opacity="1.000000" stroke="none" 
	d="
M4233.686523,709.492920 
	C4238.106934,695.504883 4242.016602,683.012695 4245.797852,670.930237 
	C4247.711426,670.930237 4248.454102,670.719727 4248.922363,670.988098 
	C4249.412598,671.268982 4249.942871,672.012634 4249.937988,672.549072 
	C4249.769043,690.361938 4249.671875,708.177612 4249.231445,725.984619 
	C4249.103516,731.165283 4247.968262,736.321045 4247.269043,741.685669 
	C4240.242188,745.510681 4233.846191,748.078369 4226.034180,743.359741 
	C4225.125000,731.822510 4230.676758,721.710022 4233.686523,709.492920 
z"/>
<path fill="var(--link)" opacity="1.000000" stroke="none" 
	d="
M3207.368164,1260.765137 
	C3212.859375,1257.653687 3216.613525,1253.472046 3224.480469,1254.729370 
	C3207.783936,1271.960693 3189.140381,1284.061768 3170.636719,1296.304932 
	C3167.570557,1298.333740 3164.539062,1301.824463 3158.895752,1298.356567 
	C3163.570068,1288.350586 3173.529785,1283.908081 3181.426025,1277.713135 
	C3189.187256,1271.624023 3197.955078,1266.818237 3207.368164,1260.765137 
z"/>
<path fill="var(--link)" opacity="1.000000" stroke="none" 
	d="
M2137.007812,1554.706055 
	C2138.113281,1551.787109 2139.616211,1549.301270 2141.490234,1547.136597 
	C2141.899658,1546.663330 2144.056152,1546.949951 2144.638916,1547.588501 
	C2145.232666,1548.239380 2145.363281,1550.400513 2144.856445,1550.781250 
	C2142.580566,1552.489990 2140.005615,1553.800293 2137.007812,1554.706055 
z"/>
<path fill="var(--link)" opacity="1.000000" stroke="none" 
	d="
M3149.899658,1305.876709 
	C3150.130859,1305.748169 3149.668457,1306.005127 3149.899658,1305.876709 
z"/>
<path fill="var(--link)" opacity="1.000000" stroke="none" 
	d="
M1993.866333,1398.464600 
	C1993.545044,1398.015869 1994.774048,1397.837280 1994.774048,1397.837280 
	C1994.774048,1397.837280 1994.187622,1398.913452 1993.866333,1398.464600 
z"/>
<path fill="var(--link)" opacity="1.000000" stroke="none" 
	d="
M2078.098145,1398.504883 
	C2077.626709,1398.848877 2077.399902,1397.572266 2077.399902,1397.572266 
	C2077.399902,1397.572266 2078.569580,1398.161011 2078.098145,1398.504883 
z"/>
<path fill="var(--link)" opacity="1.000000" stroke="none" 
	d="
M2894.485352,1402.298096 
	C2894.026855,1402.645874 2893.773926,1401.393066 2893.773926,1401.393066 
	C2893.773926,1401.393066 2894.944092,1401.950195 2894.485352,1402.298096 
z"/>
<path fill="var(--link)" opacity="1.000000" stroke="none" 
	d="
M2165.322754,1462.251221 
	C2164.999512,1461.839600 2166.153320,1461.616211 2166.153320,1461.616211 
	C2166.153320,1461.616211 2165.645996,1462.662842 2165.322754,1462.251221 
z"/>
<path fill="var(--link)" opacity="1.000000" stroke="none" 
	d="
M2261.932373,1502.185303 
	C2263.758057,1501.317871 2265.934570,1499.533325 2264.599121,1503.591919 
	C2263.357422,1503.502808 2261.932373,1502.185303 2261.932373,1502.185303 
z"/>
<path fill="var(--link)" opacity="1.000000" stroke="none" 
	d="
M2264.064453,1504.167725 
	C2262.757324,1506.675049 2261.137695,1507.388916 2261.520020,1502.868896 
	C2261.932373,1502.185303 2263.357422,1503.502808 2264.064453,1504.167725 
z"/>
<path fill="var(--link)" opacity="1.000000" stroke="none" 
	d="
M2327.651367,1547.509766 
	C2329.001221,1545.158447 2330.719727,1544.927002 2330.651367,1549.158203 
	C2329.766113,1549.379150 2329.160156,1548.846802 2327.651367,1547.509766 
z"/>
</svg>